[601, 1, 1, 1, 600, 2, -1, 740, 740, 0, -1, 0]
[601, 1, -1, 1, 600, 2, 0, 640, 739, -1, 2, 0]
[601, 1, -1, 1, 600, 2, 0, 640, 740, -1, 2, -1]
[601, 1, 1, 1, 600, 2, 2, 739, 740, 0, -1, 0]
[601, 1, 1, 1, 600, 2, 2, 640, 840, 0, -1, -1]
[601, 1, 1, 1, 600, 2, 0, 640, 640, 0, -1, 0]
[601, 1, -1, 1, 600, 2, 0, 500, 500, -1, 2, 0]
[601, 1, -1, 1, 600, 2, 0, 499, 640, -1, 2, -1]
[601, 1, -1, 1, 600, 2, -1, 840, 840, -1, 2, 0]
[601, 1, -1, 1, 600, 2, -1, 740, 840, -1, 2, -1]
[601, 1, -1, 1, 600, 2, 0, 639, 840, -1, 2, -1]
[601, 1, 1, 1, 600, 2, 1, 500, 500, 0, -1, 0]
[601, 1, -1, 1, 600, 2, 2, 640, 640, -1, 2, 0]
[601, 1, 1, 1, 600, 2, 2, 739, 840, 0, -1, -1]
[601, 1, 1, 1, 600, 2, 0, 400, 740, 0, -1, -1]
[601, 1, 1, 1, 600, 2, 1, 500, 739, 0, -1, -1]
[601, 1, -1, 1, 600, 2, 2, 739, 740, -1, 2, 0]
[601, 1, -1, 1, 600, 2, 0, 400, 840, -1, 2, -1]
[601, 1, 1, 1, 600, 2, 1, 500, 740, 0, -1, -1]
[601, 1, 1, 1, 600, 2, 0, 400, 739, 0, -1, -1]
[601, 1, 1, 1, 600, 2, 0, 639, 639, 0, -1, 0]
[601, 1, -1, 1, 600, 2, 2, 739, 739, -1, 2, 0]
[601, 1, -1, 1, 600, 2, 1, 639, 639, -1, 2, 0]
[601, 1, -1, 1, 600, 2, 1, 500, 740, -1, 2, -1]
[601, 1, 1, 1, 600, 2, 0, 500, 500, 0, -1, 0]
[601, 1, 1, 1, 600, 2, 2, 640, 740, 0, -1, -1]
[601, 1, -1, 1, 600, 2, 1, 500, 739, -1, 2, -1]
[601, 1, -1, 1, 600, 2, 1, 640, 640, -1, 2, 0]
[601, 1, 1, 1, 600, 2, 1, 500, 840, 0, -1, -1]
[601, 1, 1, 1, 600, 2, 0, 400, 639, 0, -1, -1]
[601, 1, 1, 1, 600, 2, 1, 639, 840, 0, -1, -1]
[601, 1, -1, 1, 600, 2, 2, 640, 739, -1, 2, 0]
[601, 1, 1, 1, 600, 2, 1, 500, 639, 0, -1, -1]
[601, 1, 1, 1, 600, 2, 0, 500, 739, 0, -1, -1]
[601, 1, 1, 1, 600, 2, 0, 500, 740, 0, -1, -1]
[601, 1, 1, 1, 600, 2, 2, 640, 739, 0, -1, 0]
[601, 1, -1, 1, 600, 2, 1, 739, 840, -1, 2, -1]
[601, 1, 1, 1, 600, 2, 0, 400, 499, 0, -1, 0]
[601, 1, 1, 1, 600, 2, 1, 739, 840, 0, -1, -1]
[601, 1, -1, 1, 600, 2, 0, 739, 840, -1, 2, -1]
[601, 1, -1, 1, 600, 2, 0, 500, 840, -1, 2, -1]
[601, 1, 1, 1, 600, 2, 0, 400, 500, 0, -1, -1]
[601, 1, 1, 1, 600, 2, 0, 400, 400, 0, -1, 0]
[601, 1, -1, 1, 600, 2, 0, 400, 400, -1, 2, 0]
[601, 1, 1, 1, 600, 2, 1, 640, 739, 0, -1, 0]
[601, 1, 1, 1, 600, 2, 1, 500, 640, 0, -1, -1]
[601, 1, 1, 1, 600, 2, 1, 739, 739, 0, -1, 0]
[601, 1, -1, 1, 600, 2, 2, 640, 740, -1, 2, -1]
[601, 1, 1, 1, 600, 2, 0, 499, 500, 0, -1, 0]
[601, 1, 1, 1, 600, 2, 1, 739, 740, 0, -1, 0]
[601, 1, -1, 1, 600, 2, 1, 639, 640, -1, 2, 0]
[601, 1, 1, 1, 600, 2, 1, 640, 840, 0, -1, -1]
[601, 1, -1, 1, 600, 2, 2, 640, 840, -1, 2, -1]
[601, 1, 1, 1, 600, 2, 0, 499, 499, 0, -1, 0]
[601, 1, 1, 1, 600, 2, 1, 639, 639, 0, -1, 0]
[601, 1, -1, 1, 600, 2, 1, 639, 739, -1, 2, -1]
[601, 1, 1, 1, 600, 2, 0, 499, 740, 0, -1, -1]
[601, 1, -1, 1, 600, 2, 1, 639, 740, -1, 2, -1]
[601, 1, 1, 1, 600, 2, 1, 639, 739, 0, -1, -1]
[601, 1, 1, 1, 600, 2, 1, 639, 640, 0, -1, 0]
[601, 1, 1, 1, 600, 2, 0, 499, 739, 0, -1, -1]
[601, 1, -1, 1, 600, 2, 0, 639, 640, -1, 2, 0]
[601, 1, 1, 1, 600, 2, 1, 640, 740, 0, -1, -1]
[601, 1, -1, 1, 600, 2, 1, 640, 840, -1, 2, -1]
[601, 1, -1, 1, 600, 2, -1, 740, 740, -1, 2, 0]
[601, 1, -1, 1, 600, 2, 1, 500, 840, -1, 2, -1]
[601, 1, -1, 1, 600, 2, 0, 499, 740, -1, 2, -1]
[601, 1, -1, 1, 600, 2, 0, 639, 639, -1, 2, 0]
[601, 1, 1, 1, 600, 2, 0, 400, 840, 0, -1, -1]
[601, 1, -1, 1, 600, 2, 0, 499, 739, -1, 2, -1]
[601, 1, 1, 1, 600, 2, 0, 500, 840, 0, -1, -1]
[601, 1, 1, 1, 600, 2, -1, 840, 840, 0, -1, 0]
[601, 1, -1, 1, 600, 2, 0, 739, 740, -1, 2, 0]
[601, 1, 1, 1, 600, 2, -1, 740, 840, 0, -1, -1]
[601, 1, 1, 1, 600, 2, 2, 640, 640, 0, -1, 0]
[601, 1, -1, 1, 600, 2, 2, 739, 840, -1, 2, -1]
[601, 1, 1, 1, 600, 2, 0, 499, 840, 0, -1, -1]
[601, 1, 1, 1, 600, 2, 0, 739, 840, 0, -1, -1]
[601, 1, -1, 1, 600, 2, 0, 739, 739, -1, 2, 0]
[601, 1, -1, 1, 600, 2, 1, 500, 639, -1, 2, -1]
[601, 1, 1, 1, 600, 2, 0, 640, 840, 0, -1, -1]
[601, 1, 1, 1, 600, 2, 0, 739, 740, 0, -1, 0]
[601, 1, -1, 1, 600, 2, 1, 500, 640, -1, 2, -1]
[601, 1, -1, 1, 600, 2, 1, 640, 739, -1, 2, 0]
[601, 1, 1, 1, 600, 2, 0, 639, 740, 0, -1, -1]
[601, 1, 1, 1, 600, 2, 0, 739, 739, 0, -1, 0]
[601, 1, -1, 1, 600, 2, 1, 640, 740, -1, 2, -1]
[601, 1, 1, 1, 600, 2, 0, 400, 640, 0, -1, -1]
[601, 1, 1, 1, 600, 2, 0, 639, 739, 0, -1, -1]
[601, 1, 1, 1, 600, 2, 1, 639, 740, 0, -1, -1]
[601, 1, 1, 1, 600, 2, 0, 640, 740, 0, -1, -1]
[601, 1, -1, 1, 600, 2, 1, 639, 840, -1, 2, -1]
[601, 1, -1, 1, 600, 2, 0, 499, 499, -1, 2, 0]
[601, 1, -1, 1, 600, 2, 0, 400, 639, -1, 2, -1]
[601, 1, -1, 1, 600, 2, 0, 500, 640, -1, 2, -1]
[601, 1, -1, 1, 600, 2, 0, 639, 740, -1, 2, -1]
[601, 1, 1, 1, 600, 2, 0, 499, 640, 0, -1, -1]
[601, 1, 1, 1, 600, 2, 0, 640, 739, 0, -1, 0]
[601, 1, -1, 1, 600, 2, 0, 499, 500, -1, 2, 0]
[601, 1, -1, 1, 600, 2, 0, 499, 840, -1, 2, -1]
[601, 1, -1, 1, 600, 2, 0, 639, 739, -1, 2, -1]
[601, 1, -1, 1, 600, 2, 0, 400, 739, -1, 2, -1]
[601, 1, -1, 1, 600, 2, 0, 640, 840, -1, 2, -1]
[601, 1, 1, 1, 600, 2, 0, 499, 639, 0, -1, -1]
[601, 1, 1, 1, 600, 2, 1, 640, 640, 0, -1, 0]
[601, 1, -1, 1, 600, 2, 0, 400, 640, -1, 2, -1]
[601, 1, -1, 1, 600, 2, 0, 400, 740, -1, 2, -1]
[601, 1, -1, 1, 600, 2, 1, 739, 739, -1, 2, 0]
[601, 1, -1, 1, 600, 2, 0, 400, 499, -1, 2, 0]
[601, 1, -1, 1, 600, 2, 0, 500, 740, -1, 2, -1]
[601, 1, -1, 1, 600, 2, 1, 739, 740, -1, 2, 0]
[601, 1, 1, 1, 600, 2, 0, 500, 639, 0, -1, -1]
[601, 1, -1, 1, 600, 2, 0, 400, 500, -1, 2, -1]
[601, 1, -1, 1, 600, 2, 0, 499, 639, -1, 2, -1]
[601, 1, -1, 1, 600, 2, 0, 500, 739, -1, 2, -1]
[601, 1, -1, 1, 600, 2, 1, 500, 500, -1, 2, 0]
[601, 1, 1, 1, 600, 2, 0, 500, 640, 0, -1, -1]
[601, 1, 1, 1, 600, 2, 0, 639, 840, 0, -1, -1]
[601, 1, -1, 1, 600, 2, 0, 500, 639, -1, 2, -1]
[601, 1, -1, 1, 600, 2, 0, 640, 640, -1, 2, 0]
[601, 1, 1, 1, 600, 2, 0, 639, 640, 0, -1, 0]
[601, 1, 1, 1, 600, 2, 2, 739, 739, 0, -1, 0]
