[601, 1, 1, 1, 600, 2, 2, 840, 640, 0, -1, -1]
[601, 1, -1, 2, 600, 1, 2, 640, 640, -1, 2, 0]
[601, 1, 1, 2, 600, 1, 2, 640, 739, 0, -1, 0]
[601, 1, -1, 2, 600, 1, 2, 640, 840, -1, 2, -1]
[601, 1, -1, 2, 600, 1, 2, 640, 740, -1, 2, -1]
[601, 1, -1, 1, 600, 2, 2, 840, 640, -1, 2, -1]
[601, 1, 1, 2, 600, 1, 2, 640, 740, 0, -1, -1]
[601, 1, -1, 2, 600, 1, 2, 640, 739, -1, 2, 0]
[601, 1, 1, 2, 600, 1, 2, 640, 640, 0, -1, 0]
[601, 1, 1, 1, 600, 2, 2, 739, 640, 0, -1, -1]
[601, 1, 1, 1, 600, 2, 2, 639, 640, 0, -1, 1]
[601, 1, 1, 1, 600, 2, 2, 640, 640, 0, -1, 1]
[601, 1, -1, 1, 600, 2, 2, 740, 640, -1, 2, -1]
[601, 1, -1, 1, 600, 2, 2, 640, 640, -1, 2, 1]
[601, 1, 1, 2, 600, 1, 2, 640, 840, 0, -1, -1]
[601, 1, -1, 1, 600, 2, 2, 639, 640, -1, 2, 1]
[601, 1, -1, 1, 600, 2, 2, 739, 640, -1, 2, -1]
[601, 1, 1, 1, 600, 2, 2, 740, 640, 0, -1, -1]
