[601, 1, 1, 1, 600, 2, 1, 739, 500, 0, -1, -1]
[601, 1, -1, 1, 600, 2, 1, 499, 500, -1, 2, 1]
[601, 1, -1, 1, 600, 2, 1, 840, 500, -1, 2, -1]
[601, 1, -1, 1, 600, 2, 1, 740, 500, -1, 2, -1]
[601, 1, -1, 1, 600, 2, 1, 639, 500, -1, 2, -1]
[601, 1, -1, 2, 600, 1, 1, 500, 739, -1, 2, -1]
[601, 1, 1, 1, 600, 2, 1, 499, 500, 0, -1, 1]
[601, 1, 1, 1, 600, 2, 1, 639, 500, 0, -1, -1]
[601, 1, -1, 2, 600, 1, 1, 500, 740, -1, 2, -1]
[601, 1, 1, 2, 600, 1, 1, 500, 500, 0, -1, 0]
[601, 1, 1, 1, 600, 2, 1, 740, 500, 0, -1, -1]
[601, 1, 1, 2, 600, 1, 1, 500, 840, 0, -1, -1]
[601, 1, 1, 1, 600, 2, 1, 640, 500, 0, -1, -1]
[601, 1, 1, 2, 600, 1, 1, 500, 640, 0, -1, -1]
[601, 1, 1, 1, 600, 2, 1, 840, 500, 0, -1, -1]
[601, 1, 1, 2, 600, 1, 1, 500, 639, 0, -1, -1]
[601, 1, -1, 2, 600, 1, 1, 500, 640, -1, 2, -1]
[601, 1, -1, 2, 600, 1, 1, 500, 840, -1, 2, -1]
[601, 1, 1, 1, 600, 2, 1, 500, 500, 0, -1, 1]
[601, 1, -1, 2, 600, 1, 1, 500, 500, -1, 2, 0]
[601, 1, -1, 1, 600, 2, 1, 500, 500, -1, 2, 1]
[601, 1, -1, 1, 600, 2, 1, 640, 500, -1, 2, -1]
[601, 1, 1, 2, 600, 1, 1, 500, 740, 0, -1, -1]
[601, 1, -1, 1, 600, 2, 1, 739, 500, -1, 2, -1]
[601, 1, -1, 2, 600, 1, 1, 500, 639, -1, 2, -1]
[601, 1, 1, 2, 600, 1, 1, 500, 739, 0, -1, -1]
