[601, 1, 1, 2, 600, 2, -1, 400, 0, 0, -1, -1]
[601, 1, 1, 2, 600, 2, -1, 739, 740, 0, -1, 1]
[601, 1, -1, 1, 600, 1, -1, -1, 0, -1, 2, 1]
[601, 1, -1, 1, 600, 1, -1, 840, 500, -1, 2, -1]
[601, 1, 1, 1, 600, 1, -1, 400, 0, 0, -1, -1]
[601, 1, -1, 1, 600, 1, -1, 840, 499, -1, 2, -1]
[601, 1, 1, 2, 600, 2, -1, 840, 500, 0, -1, -1]
[601, 1, -1, 2, 600, 2, -1, 500, 499, -1, 2, -1]
[601, 1, 1, 2, 600, 2, -1, 840, 499, 0, -1, -1]
[601, 1, 1, 1, 600, 1, -1, 499, 0, 0, -1, -1]
[601, 1, -1, 2, 600, 2, -1, 500, 500, -1, 2, 1]
[601, 1, 1, 2, 600, 2, -1, 640, 0, 0, -1, -1]
[601, 1, -1, 2, 600, 2, -1, 640, 739, -1, 2, 1]
[601, 1, 1, 2, 600, 2, -1, 640, 739, 0, -1, 1]
[601, 1, 1, 2, 600, 2, -1, 500, 0, 0, -1, -1]
[601, 1, 1, 2, 600, 2, -1, 739, 739, 0, -1, 1]
[601, 1, -1, 1, 600, 1, -1, 739, 500, -1, 2, -1]
[601, 1, -1, 1, 600, 1, -1, 499, 400, -1, 2, -1]
[601, 1, 1, 1, 600, 1, -1, 400, 400, 0, -1, 1]
[601, 1, -1, 2, 600, 2, -1, 639, 399, -1, 2, -1]
[601, 1, -1, 1, 600, 1, -1, 739, 499, -1, 2, -1]
[601, 1, 1, 1, 600, 1, -1, 400, 399, 0, -1, -1]
[601, 1, -1, 2, 600, 2, -1, 639, 400, -1, 2, -1]
[601, 1, 1, 1, 600, 1, -1, 840, 0, 0, -1, -1]
[601, 1, 1, 1, 600, 1, -1, 840, -1, 0, -1, 1]
[601, 1, -1, 1, 600, 1, -1, 840, 639, -1, 2, -1]
[601, 1, -1, 1, 600, 1, -1, 840, 640, -1, 2, -1]
[601, 1, -1, 1, 600, 1, -1, 640, 739, -1, 2, 1]
[601, 1, -1, 1, 600, 1, -1, 400, 0, -1, 2, -1]
[601, 1, -1, 1, 600, 1, -1, 640, 0, -1, 2, -1]
[601, 1, -1, 2, 600, 2, -1, 840, 739, -1, 2, -1]
[601, 1, 1, 1, 600, 1, -1, 840, 740, 0, -1, -1]
[601, 1, 1, 1, 600, 1, -1, 739, 0, 0, -1, -1]
[601, 1, 1, 1, 600, 1, -1, -1, 0, 0, -1, 1]
[601, 1, -1, 2, 600, 2, -1, 840, 740, -1, 2, -1]
[601, 1, -1, 2, 600, 2, -1, 840, 400, -1, 2, -1]
[601, 1, 1, 1, 600, 1, -1, 840, 739, 0, -1, -1]
[601, 1, 1, 1, 600, 1, -1, 640, 0, 0, -1, -1]
[601, 1, -1, 1, 600, 1, -1, 500, 0, -1, 2, -1]
[601, 1, -1, 2, 600, 2, -1, 499, 399, -1, 2, -1]
[601, 1, 1, 2, 600, 2, -1, 639, 640, 0, -1, 1]
[601, 1, 1, 1, 600, 1, -1, 500, 400, 0, -1, -1]
[601, 1, -1, 2, 600, 2, -1, 640, 500, -1, 2, -1]
[601, 1, 1, 2, 600, 2, -1, 639, 639, 0, -1, 1]
[601, 1, -1, 2, 600, 2, -1, 499, 400, -1, 2, -1]
[601, 1, 1, 1, 600, 1, -1, 500, 399, 0, -1, -1]
[601, 1, -1, 2, 600, 2, -1, 640, 499, -1, 2, -1]
[601, 1, -1, 2, 600, 2, -1, 639, 0, -1, 2, -1]
[601, 1, 1, 2, 600, 2, -1, 500, 399, 0, -1, -1]
[601, 1, 1, 2, 600, 2, -1, 840, 640, 0, -1, -1]
[601, 1, 1, 2, 600, 2, -1, 500, 400, 0, -1, -1]
[601, 1, -1, 2, 600, 2, -1, -1, 0, -1, 2, 1]
[601, 1, 1, 1, 600, 1, -1, 399, 399, 0, -1, 1]
[601, 1, 1, 1, 600, 1, -1, 399, 400, 0, -1, 1]
[601, 1, -1, 1, 600, 1, -1, 500, 400, -1, 2, -1]
[601, 1, -1, 1, 600, 1, -1, 500, 399, -1, 2, -1]
[601, 1, 1, 1, 600, 1, -1, 740, 400, 0, -1, -1]
[601, 1, 1, 2, 600, 2, -1, 840, -1, 0, -1, 1]
[601, 1, 1, 2, 600, 2, -1, 639, 499, 0, -1, -1]
[601, 1, 1, 2, 600, 2, -1, 840, 0, 0, -1, -1]
[601, 1, -1, 1, 600, 1, -1, 840, -1, -1, 2, 1]
[601, 1, -1, 2, 600, 2, -1, 640, 639, -1, 2, -1]
[601, 1, -1, 1, 600, 1, -1, 840, 0, -1, 2, -1]
[601, 1, -1, 2, 600, 2, -1, 640, 640, -1, 2, 1]
[601, 1, 1, 1, 600, 1, -1, 740, 399, 0, -1, -1]
[601, 1, -1, 2, 600, 2, -1, 640, 399, -1, 2, -1]
[601, 1, 1, 1, 600, 1, -1, 640, 400, 0, -1, -1]
[601, 1, 1, 1, 600, 1, -1, 640, 399, 0, -1, -1]
[601, 1, 1, 2, 600, 2, -1, 639, 500, 0, -1, -1]
[601, 1, -1, 2, 600, 2, -1, 640, 400, -1, 2, -1]
[601, 1, -1, 1, 600, 1, -1, 640, 639, -1, 2, -1]
[601, 1, -1, 1, 600, 1, -1, 740, 500, -1, 2, -1]
[601, 1, -1, 2, 600, 2, -1, 740, 500, -1, 2, -1]
[601, 1, -1, 1, 600, 1, -1, 639, 500, -1, 2, -1]
[601, 1, -1, 1, 600, 1, -1, 740, 499, -1, 2, -1]
[601, 1, 1, 1, 600, 1, -1, 739, 739, 0, -1, 1]
[601, 1, -1, 1, 600, 1, -1, 639, 499, -1, 2, -1]
[601, 1, -1, 2, 600, 2, -1, 740, 639, -1, 2, -1]
[601, 1, 1, 2, 600, 2, -1, 739, 500, 0, -1, -1]
[601, 1, -1, 2, 600, 2, -1, 499, 499, -1, 2, 1]
[601, 1, 1, 1, 600, 1, -1, 840, 639, 0, -1, -1]
[601, 1, 1, 1, 600, 1, -1, 739, 740, 0, -1, 1]
[601, 1, 1, 1, 600, 1, -1, 840, 400, 0, -1, -1]
[601, 1, 1, 2, 600, 2, -1, 500, 500, 0, -1, 1]
[601, 1, 1, 1, 600, 1, -1, 840, 640, 0, -1, -1]
[601, 1, 1, 2, 600, 2, -1, 500, 499, 0, -1, -1]
[601, 1, -1, 2, 600, 2, -1, 739, 399, -1, 2, -1]
[601, 1, 1, 2, 600, 2, -1, 739, 499, 0, -1, -1]
[601, 1, -1, 2, 600, 2, -1, 739, 400, -1, 2, -1]
[601, 1, -1, 2, 600, 2, -1, 400, 400, -1, 2, 1]
[601, 1, -1, 1, 600, 1, -1, 639, 0, -1, 2, -1]
[601, 1, -1, 1, 600, 1, -1, 740, 639, -1, 2, -1]
[601, 1, -1, 2, 600, 2, -1, 400, 399, -1, 2, -1]
[601, 1, -1, 2, 600, 2, -1, 739, 0, -1, 2, -1]
[601, 1, -1, 1, 600, 1, -1, 740, 640, -1, 2, -1]
[601, 1, 1, 2, 600, 2, -1, 639, 0, 0, -1, -1]
[601, 1, -1, 2, 600, 2, -1, 740, 640, -1, 2, -1]
[601, 1, 1, 1, 600, 1, -1, 399, 0, 0, -1, -1]
[601, 1, -1, 2, 600, 2, -1, 740, 499, -1, 2, -1]
[601, 1, 1, 2, 600, 2, -1, 840, 399, 0, -1, -1]
[601, 1, 1, 1, 600, 1, -1, 500, 0, 0, -1, -1]
[601, 1, 1, 2, 600, 2, -1, 739, 640, 0, -1, -1]
[601, 1, 1, 1, 600, 1, -1, 840, 500, 0, -1, -1]
[601, 1, 1, 2, 600, 2, -1, 840, 400, 0, -1, -1]
[601, 1, 1, 2, 600, 2, -1, 739, 639, 0, -1, -1]
[601, 1, 1, 1, 600, 1, -1, 840, 499, 0, -1, -1]
[601, 1, 1, 1, 600, 1, -1, 499, 399, 0, -1, -1]
[601, 1, 1, 2, 600, 2, -1, 740, 639, 0, -1, -1]
[601, 1, 1, 2, 600, 2, -1, 640, 640, 0, -1, 1]
[601, 1, 1, 2, 600, 2, -1, 640, 639, 0, -1, -1]
[601, 1, 1, 1, 600, 1, -1, 499, 400, 0, -1, -1]
[601, 1, 1, 2, 600, 2, -1, 740, 640, 0, -1, -1]
[601, 1, 1, 1, 600, 1, -1, 639, 0, 0, -1, -1]
[601, 1, -1, 1, 600, 1, -1, 840, 400, -1, 2, -1]
[601, 1, 1, 2, 600, 2, -1, 499, 399, 0, -1, -1]
[601, 1, 1, 1, 600, 1, -1, 740, 0, 0, -1, -1]
[601, 1, 1, 2, 600, 2, -1, 499, 400, 0, -1, -1]
[601, 1, -1, 1, 600, 1, -1, 840, 399, -1, 2, -1]
[601, 1, -1, 1, 600, 1, -1, 639, 640, -1, 2, 1]
[601, 1, 1, 2, 600, 2, -1, 740, 500, 0, -1, -1]
[601, 1, -1, 1, 600, 1, -1, 499, 399, -1, 2, -1]
[601, 1, -1, 2, 600, 2, -1, 740, 400, -1, 2, -1]
[601, 1, -1, 1, 600, 1, -1, 500, 499, -1, 2, -1]
[601, 1, 1, 2, 600, 2, -1, 740, 499, 0, -1, -1]
[601, 1, -1, 2, 600, 2, -1, 740, 399, -1, 2, -1]
[601, 1, -1, 1, 600, 1, -1, 500, 500, -1, 2, 1]
[601, 1, 1, 1, 600, 1, -1, 840, 399, 0, -1, -1]
[601, 1, 1, 2, 600, 2, -1, 640, 499, 0, -1, -1]
[601, 1, -1, 2, 600, 2, -1, 499, 500, -1, 2, 1]
[601, 1, 1, 2, 600, 2, -1, 640, 500, 0, -1, -1]
[601, 1, -1, 1, 600, 1, -1, 639, 639, -1, 2, 1]
[601, 1, 1, 1, 600, 1, -1, 739, 500, 0, -1, -1]
[601, 1, -1, 2, 600, 2, -1, 739, 500, -1, 2, -1]
[601, 1, 1, 1, 600, 1, -1, 739, 499, 0, -1, -1]
[601, 1, -1, 1, 600, 1, -1, 739, 640, -1, 2, -1]
[601, 1, -1, 2, 600, 2, -1, 740, 0, -1, 2, -1]
[601, 1, -1, 1, 600, 1, -1, 739, 639, -1, 2, -1]
[601, 1, -1, 1, 600, 1, -1, 740, 399, -1, 2, -1]
[601, 1, 1, 2, 600, 2, -1, 639, 400, 0, -1, -1]
[601, 1, 1, 1, 600, 1, -1, 640, 739, 0, -1, 1]
[601, 1, 1, 1, 600, 1, -1, 639, 400, 0, -1, -1]
[601, 1, -1, 1, 600, 1, -1, 740, 0, -1, 2, -1]
[601, 1, 1, 2, 600, 2, -1, 639, 399, 0, -1, -1]
[601, 1, 1, 1, 600, 1, -1, 639, 399, 0, -1, -1]
[601, 1, -1, 2, 600, 2, -1, 840, 639, -1, 2, -1]
[601, 1, 1, 1, 600, 1, -1, 500, 500, 0, -1, 1]
[601, 1, 1, 2, 600, 2, -1, 739, 399, 0, -1, -1]
[601, 1, 1, 2, 600, 2, -1, 840, 740, 0, -1, -1]
[601, 1, 1, 1, 600, 1, -1, 500, 499, 0, -1, -1]
[601, 1, -1, 2, 600, 2, -1, 840, 640, -1, 2, -1]
[601, 1, 1, 2, 600, 2, -1, 739, 400, 0, -1, -1]
[601, 1, 1, 2, 600, 2, -1, 840, 739, 0, -1, -1]
[601, 1, -1, 2, 600, 2, -1, 739, 499, -1, 2, -1]
[601, 1, -1, 1, 600, 1, -1, 639, 400, -1, 2, -1]
[601, 1, 1, 1, 600, 1, -1, 739, 640, 0, -1, -1]
[601, 1, -1, 2, 600, 2, -1, 400, 499, -1, 2, 1]
[601, 1, -1, 1, 600, 1, -1, 639, 399, -1, 2, -1]
[601, 1, -1, 1, 600, 1, -1, 740, 400, -1, 2, -1]
[601, 1, 1, 2, 600, 2, -1, 399, 400, 0, -1, 1]
[601, 1, -1, 2, 600, 2, -1, 840, 499, -1, 2, -1]
[601, 1, -1, 2, 600, 2, -1, 739, 640, -1, 2, -1]
[601, 1, 1, 2, 600, 2, -1, 399, 399, 0, -1, 1]
[601, 1, 1, 1, 600, 1, -1, 739, 639, 0, -1, -1]
[601, 1, -1, 2, 600, 2, -1, 840, 500, -1, 2, -1]
[601, 1, -1, 2, 600, 2, -1, 739, 639, -1, 2, -1]
[601, 1, 1, 1, 600, 1, -1, 639, 639, 0, -1, 1]
[601, 1, 1, 1, 600, 1, -1, 639, 640, 0, -1, 1]
[601, 1, -1, 1, 600, 1, -1, 400, 399, -1, 2, -1]
[601, 1, -1, 2, 600, 2, -1, 500, 0, -1, 2, -1]
[601, 1, -1, 1, 600, 1, -1, 400, 400, -1, 2, 1]
[601, 1, -1, 1, 600, 1, -1, 640, 640, -1, 2, 1]
[601, 1, -1, 1, 600, 1, -1, 840, 740, -1, 2, -1]
[601, 1, -1, 1, 600, 1, -1, 840, 739, -1, 2, -1]
[601, 1, -1, 2, 600, 2, -1, 399, 0, -1, 2, -1]
[601, 1, -1, 1, 600, 1, -1, 499, 500, -1, 2, 1]
[601, 1, -1, 1, 600, 1, -1, 499, 499, -1, 2, 1]
[601, 1, 1, 2, 600, 2, -1, 740, 0, 0, -1, -1]
[601, 1, 1, 1, 600, 1, -1, 639, 499, 0, -1, -1]
[601, 1, 1, 1, 600, 1, -1, 499, 500, 0, -1, 1]
[601, 1, -1, 2, 600, 2, -1, 399, 400, -1, 2, 1]
[601, 1, -1, 1, 600, 1, -1, 640, 499, -1, 2, -1]
[601, 1, 1, 1, 600, 1, -1, 639, 500, 0, -1, -1]
[601, 1, 1, 1, 600, 1, -1, 499, 499, 0, -1, 1]
[601, 1, -1, 2, 600, 2, -1, 399, 399, -1, 2, 1]
[601, 1, -1, 1, 600, 1, -1, 640, 500, -1, 2, -1]
[601, 1, -1, 2, 600, 2, -1, 740, 740, -1, 2, 1]
[601, 1, 1, 2, 600, 2, -1, 499, 500, 0, -1, 1]
[601, 1, -1, 2, 600, 2, -1, 740, 739, -1, 2, -1]
[601, 1, -1, 1, 600, 1, -1, 739, 0, -1, 2, -1]
[601, 1, 1, 2, 600, 2, -1, 499, 499, 0, -1, 1]
[601, 1, 1, 2, 600, 2, -1, 400, 400, 0, -1, 1]
[601, 1, 1, 2, 600, 2, -1, 740, 399, 0, -1, -1]
[601, 1, 1, 1, 600, 1, -1, 740, 639, 0, -1, -1]
[601, 1, 1, 2, 600, 2, -1, 740, 400, 0, -1, -1]
[601, 1, 1, 2, 600, 2, -1, 400, 399, 0, -1, -1]
[601, 1, -1, 2, 600, 2, -1, 840, 0, -1, 2, -1]
[601, 1, 1, 2, 600, 2, -1, 399, 0, 0, -1, -1]
[601, 1, 1, 2, 600, 2, -1, 740, 740, 0, -1, 1]
[601, 1, 1, 1, 600, 1, -1, 739, 399, 0, -1, -1]
[601, 1, 1, 2, 600, 2, -1, 640, 400, 0, -1, -1]
[601, 1, -1, 2, 600, 2, -1, 640, 0, -1, 2, -1]
[601, 1, -1, 1, 600, 1, -1, 640, 400, -1, 2, -1]
[601, 1, 1, 2, 600, 2, -1, 640, 399, 0, -1, -1]
[601, 1, 1, 1, 600, 1, -1, 740, 500, 0, -1, -1]
[601, 1, 1, 2, 600, 2, -1, 400, 499, 0, -1, 1]
[601, 1, -1, 1, 600, 1, -1, 640, 399, -1, 2, -1]
[601, 1, -1, 2, 600, 2, -1, 840, -1, -1, 2, 1]
[601, 1, 1, 2, 600, 2, -1, 499, 0, 0, -1, -1]
[601, 1, 1, 1, 600, 1, -1, 740, 499, 0, -1, -1]
[601, 1, 1, 1, 600, 1, -1, 739, 400, 0, -1, -1]
[601, 1, -1, 1, 600, 1, -1, 739, 400, -1, 2, -1]
[601, 1, 1, 2, 600, 2, -1, 740, 739, 0, -1, -1]
[601, 1, -1, 1, 600, 1, -1, 739, 739, -1, 2, 1]
[601, 1, -1, 1, 600, 1, -1, 739, 399, -1, 2, -1]
[601, 1, -1, 1, 600, 1, -1, 739, 740, -1, 2, 1]
[601, 1, 1, 1, 600, 1, -1, 740, 640, 0, -1, -1]
[601, 1, 1, 1, 600, 1, -1, 400, 499, 0, -1, 1]
[601, 1, -1, 1, 600, 1, -1, 740, 740, -1, 2, 1]
[601, 1, -1, 2, 600, 2, -1, 400, 0, -1, 2, -1]
[601, 1, -1, 1, 600, 1, -1, 740, 739, -1, 2, -1]
[601, 1, -1, 2, 600, 2, -1, 840, 399, -1, 2, -1]
[601, 1, 1, 2, 600, 2, -1, -1, 0, 0, -1, 1]
[601, 1, 1, 1, 600, 1, -1, 640, 500, 0, -1, -1]
[601, 1, -1, 2, 600, 2, -1, 639, 639, -1, 2, 1]
[601, 1, -1, 2, 600, 2, -1, 639, 640, -1, 2, 1]
[601, 1, -1, 1, 600, 1, -1, 499, 0, -1, 2, -1]
[601, 1, -1, 1, 600, 1, -1, 399, 399, -1, 2, 1]
[601, 1, 1, 2, 600, 2, -1, 739, 0, 0, -1, -1]
[601, 1, -1, 1, 600, 1, -1, 400, 499, -1, 2, 1]
[601, 1, -1, 1, 600, 1, -1, 399, 0, -1, 2, -1]
[601, 1, -1, 1, 600, 1, -1, 399, 400, -1, 2, 1]
[601, 1, 1, 1, 600, 1, -1, 640, 499, 0, -1, -1]
[601, 1, 1, 1, 600, 1, -1, 740, 740, 0, -1, 1]
[601, 1, -1, 2, 600, 2, -1, 739, 739, -1, 2, 1]
[601, 1, 1, 1, 600, 1, -1, 740, 739, 0, -1, -1]
[601, 1, -1, 2, 600, 2, -1, 739, 740, -1, 2, 1]
[601, 1, 1, 2, 600, 2, -1, 840, 639, 0, -1, -1]
[601, 1, -1, 2, 600, 2, -1, 639, 499, -1, 2, -1]
[601, 1, -1, 2, 600, 2, -1, 499, 0, -1, 2, -1]
[601, 1, 1, 1, 600, 1, -1, 640, 640, 0, -1, 1]
[601, 1, -1, 2, 600, 2, -1, 500, 400, -1, 2, -1]
[601, 1, 1, 1, 600, 1, -1, 640, 639, 0, -1, -1]
[601, 1, -1, 2, 600, 2, -1, 500, 399, -1, 2, -1]
[601, 1, -1, 2, 600, 2, -1, 639, 500, -1, 2, -1]
