[601, 1, 1, 1, 600, 2, 1, 739, 500, 0, -1, -1]
[601, 1, 1, 1, 600, 2, 0, 640, 400, 0, -1, -1]
[601, 1, 1, 1, 600, 2, 3, 840, 740, 0, -1, -1]
[601, 1, -1, 1, 600, 2, 0, 739, 400, -1, 2, -1]
[601, 1, -1, 1, 600, 2, 1, 499, 500, -1, 2, 1]
[601, 1, -1, 1, 600, 2, 1, 840, 500, -1, 2, -1]
[601, 1, -1, 1, 600, 2, 1, 740, 500, -1, 2, -1]
[601, 1, -1, 1, 600, 2, 1, 639, 500, -1, 2, -1]
[601, 1, -1, 1, 600, 2, 2, 840, 640, -1, 2, -1]
[601, 1, 1, 1, 600, 2, 0, 840, 400, 0, -1, -1]
[601, 1, -1, 1, 600, 2, 0, 499, 400, -1, 2, -1]
[601, 1, 1, 1, 600, 2, 2, 739, 640, 0, -1, -1]
[601, 1, 1, 1, 600, 2, 1, 740, 500, 0, -1, -1]
[601, 1, 1, 1, 600, 2, 1, 640, 500, 0, -1, -1]
[601, 1, 1, 1, 600, 2, 2, 640, 640, 0, -1, 1]
[601, 1, 1, 1, 600, 2, 1, 500, 500, 0, -1, 1]
[601, 1, -1, 1, 600, 2, 2, 740, 640, -1, 2, -1]
[601, 1, -1, 1, 600, 2, 0, 640, 400, -1, 2, -1]
[601, 1, -1, 1, 600, 2, 2, 640, 640, -1, 2, 1]
[601, 1, 1, 1, 600, 2, 0, 500, 400, 0, -1, -1]
[601, 1, -1, 1, 600, 2, 1, 640, 500, -1, 2, -1]
[601, 1, 1, 1, 600, 2, 3, 740, 740, 0, -1, 1]
[601, 1, -1, 1, 600, 2, 1, 739, 500, -1, 2, -1]
[601, 1, -1, 1, 600, 2, 0, 500, 400, -1, 2, -1]
[601, 1, -1, 1, 600, 2, 2, 739, 640, -1, 2, -1]
[601, 1, 1, 1, 600, 2, 2, 740, 640, 0, -1, -1]
[601, 1, 1, 1, 600, 2, 2, 840, 640, 0, -1, -1]
[601, 1, -1, 1, 600, 2, 0, 840, 400, -1, 2, -1]
[601, 1, 1, 1, 600, 2, 3, 739, 740, 0, -1, 1]
[601, 1, -1, 1, 600, 2, 0, 639, 400, -1, 2, -1]
[601, 1, -1, 1, 600, 2, 3, 840, 740, -1, 2, -1]
[601, 1, 1, 1, 600, 2, 1, 499, 500, 0, -1, 1]
[601, 1, 1, 1, 600, 2, 1, 639, 500, 0, -1, -1]
[601, 1, 1, 1, 600, 2, 0, 739, 400, 0, -1, -1]
[601, 1, 1, 1, 600, 2, 0, 639, 400, 0, -1, -1]
[601, 1, -1, 1, 600, 2, 0, 399, 400, -1, 2, 1]
[601, 1, 1, 1, 600, 2, 2, 639, 640, 0, -1, 1]
[601, 1, 1, 1, 600, 2, 1, 840, 500, 0, -1, -1]
[601, 1, 1, 1, 600, 2, 0, 399, 400, 0, -1, 1]
[601, 1, 1, 1, 600, 2, 0, 740, 400, 0, -1, -1]
[601, 1, 1, 1, 600, 2, 0, 400, 400, 0, -1, 1]
[601, 1, -1, 1, 600, 2, 0, 400, 400, -1, 2, 1]
[601, 1, -1, 1, 600, 2, 0, 740, 400, -1, 2, -1]
[601, 1, -1, 1, 600, 2, 3, 740, 740, -1, 2, 1]
[601, 1, 1, 1, 600, 2, 0, 499, 400, 0, -1, -1]
[601, 1, -1, 1, 600, 2, 1, 500, 500, -1, 2, 1]
[601, 1, -1, 1, 600, 2, 2, 639, 640, -1, 2, 1]
[601, 1, -1, 1, 600, 2, 3, 739, 740, -1, 2, 1]
