[601, 1, -1, 1, 600, 2, 2, 739, 500, -1, 2, -1]
[601, 1, -1, 2, 600, 1, 1, 499, 500, -1, 2, 0]
[601, 1, -1, 2, 600, 1, 1, 499, 499, -1, 2, 0]
[601, 1, -1, 1, 600, 2, 1, 840, 499, -1, 2, -1]
[601, 1, -1, 1, 600, 2, 2, 740, 639, -1, 2, -1]
[601, 1, 1, 2, 600, 1, 2, 500, 739, 0, -1, -1]
[601, 1, 1, 2, 600, 1, 3, 400, 740, 0, -1, -1]
[601, 1, -1, 2, 600, 1, 1, 400, 740, -1, 2, -1]
[601, 1, -1, 1, 600, 2, 3, 640, 640, -1, 2, 1]
[601, 1, 1, 2, 600, 1, 2, 400, 639, 0, -1, -1]
[601, 1, -1, 2, 600, 1, 1, 400, 739, -1, 2, -1]
[601, 1, 1, 2, 600, 1, 2, 500, 740, 0, -1, -1]
[601, 1, -1, 1, 600, 2, 3, 640, 639, -1, 2, -1]
[601, 1, 1, 1, 600, 2, 2, 640, 500, 0, -1, -1]
[601, 1, 1, 1, 600, 2, 2, 400, 400, 0, -1, 1]
[601, 1, 1, 2, 600, 1, 3, 499, 740, 0, -1, -1]
[601, 1, 1, 1, 600, 2, 1, 500, 499, 0, -1, -1]
[601, 1, -1, 1, 600, 2, 1, 400, 400, -1, 2, 1]
[601, 1, 1, 1, 600, 2, 3, 739, 640, 0, -1, -1]
[601, 1, 1, 1, 600, 2, 2, 740, 639, 0, -1, -1]
[601, 1, -1, 1, 600, 2, 3, 740, 499, -1, 2, -1]
[601, 1, -1, 1, 600, 2, 1, 740, 400, -1, 2, -1]
[601, 1, 1, 2, 600, 1, 2, 499, 640, 0, -1, -1]
[601, 1, 1, 1, 600, 2, 3, 739, 639, 0, -1, -1]
[601, 1, 1, 1, 600, 2, 1, 640, 400, 0, -1, -1]
[601, 1, -1, 1, 600, 2, 3, 500, 499, -1, 2, -1]
[601, 1, -1, 1, 600, 2, 3, 499, 400, -1, 2, -1]
[601, 1, 1, 2, 600, 1, 3, 400, 739, 0, -1, -1]
[601, 1, -1, 1, 600, 2, 2, 500, 400, -1, 2, -1]
[601, 1, -1, 2, 600, 1, 2, 499, 500, -1, 2, 0]
[601, 1, -1, 2, 600, 1, 3, 400, 640, -1, 2, -1]
[601, 1, 1, 1, 600, 2, 1, 400, 499, 0, -1, 1]
[601, 1, -1, 2, 600, 1, 3, 499, 739, -1, 2, -1]
[601, 1, -1, 1, 600, 2, 3, 500, 500, -1, 2, 1]
[601, 1, 1, 2, 600, 1, 1, 499, 500, 0, -1, 0]
[601, 1, -1, 2, 600, 1, 3, 400, 639, -1, 2, -1]
[601, 1, -1, 1, 600, 2, 2, 740, 400, -1, 2, -1]
[601, 1, -1, 2, 600, 1, 3, 739, 740, -1, 2, 0]
[601, 1, 1, 2, 600, 1, 3, 499, 739, 0, -1, -1]
[601, 1, -1, 2, 600, 1, 2, 499, 499, -1, 2, 0]
[601, 1, -1, 2, 600, 1, 3, 499, 740, -1, 2, -1]
[601, 1, 1, 2, 600, 1, 3, 400, 840, 0, -1, -1]
[601, 1, 1, 2, 600, 1, 2, 499, 639, 0, -1, -1]
[601, 1, -1, 1, 600, 2, 3, 740, 500, -1, 2, -1]
[601, 1, -1, 1, 600, 2, 1, 739, 499, -1, 2, -1]
[601, 1, 1, 2, 600, 1, 1, 499, 499, 0, -1, 0]
[601, 1, -1, 2, 600, 1, 3, 739, 739, -1, 2, 0]
[601, 1, -1, 1, 600, 2, 3, 840, 739, -1, 2, -1]
[601, 1, 1, 2, 600, 1, 3, 500, 639, 0, -1, -1]
[601, 1, 1, 1, 600, 2, 1, 399, 400, 0, -1, 1]
[601, 1, -1, 1, 600, 2, 2, 499, 500, -1, 2, 1]
[601, 1, 1, 2, 600, 1, 3, 639, 739, 0, -1, -1]
[601, 1, -1, 2, 600, 1, 3, 500, 640, -1, 2, -1]
[601, 1, -1, 2, 600, 1, 2, 639, 639, -1, 2, 0]
[601, 1, -1, 2, 600, 1, 3, 640, 840, -1, 2, -1]
[601, 1, -1, 1, 600, 2, 2, 840, 400, -1, 2, -1]
[601, 1, -1, 2, 600, 1, 3, 500, 639, -1, 2, -1]
[601, 1, -1, 2, 600, 1, 2, 639, 640, -1, 2, 0]
[601, 1, 1, 1, 600, 2, 1, 639, 499, 0, -1, -1]
[601, 1, -1, 2, 600, 1, 2, 499, 739, -1, 2, -1]
[601, 1, 1, 1, 600, 2, 3, 499, 500, 0, -1, 1]
[601, 1, 1, 2, 600, 1, 2, 400, 499, 0, -1, 0]
[601, 1, 1, 1, 600, 2, 1, 840, 400, 0, -1, -1]
[601, 1, -1, 1, 600, 2, 3, 640, 499, -1, 2, -1]
[601, 1, -1, 2, 600, 1, 2, 499, 740, -1, 2, -1]
[601, 1, -1, 2, 600, 1, 2, 500, 840, -1, 2, -1]
[601, 1, -1, 1, 600, 2, 1, 500, 400, -1, 2, -1]
[601, 1, -1, 2, 600, 1, 1, 400, 499, -1, 2, 0]
[601, 1, -1, 1, 600, 2, 2, 740, 499, -1, 2, -1]
[601, 1, 1, 1, 600, 2, 3, 640, 739, 0, -1, 1]
[601, 1, -1, 1, 600, 2, 3, 640, 500, -1, 2, -1]
[601, 1, 1, 2, 600, 1, 1, 400, 400, 0, -1, 0]
[601, 1, -1, 1, 600, 2, 2, 740, 500, -1, 2, -1]
[601, 1, -1, 1, 600, 2, 2, 400, 499, -1, 2, 1]
[601, 1, -1, 2, 600, 1, 1, 400, 500, -1, 2, -1]
[601, 1, 1, 2, 600, 1, 2, 499, 500, 0, -1, 0]
[601, 1, -1, 1, 600, 2, 3, 740, 639, -1, 2, -1]
[601, 1, -1, 1, 600, 2, 3, 399, 400, -1, 2, 1]
[601, 1, 1, 1, 600, 2, 3, 499, 499, 0, -1, 1]
[601, 1, 1, 1, 600, 2, 3, 739, 499, 0, -1, -1]
[601, 1, -1, 1, 600, 2, 3, 740, 640, -1, 2, -1]
[601, 1, 1, 1, 600, 2, 2, 740, 499, 0, -1, -1]
[601, 1, 1, 2, 600, 1, 2, 499, 499, 0, -1, 0]
[601, 1, 1, 2, 600, 1, 3, 639, 740, 0, -1, -1]
[601, 1, -1, 1, 600, 2, 2, 499, 499, -1, 2, 1]
[601, 1, -1, 2, 600, 1, 3, 639, 639, -1, 2, 0]
[601, 1, -1, 2, 600, 1, 2, 499, 640, -1, 2, -1]
[601, 1, 1, 1, 600, 2, 2, 740, 500, 0, -1, -1]
[601, 1, 1, 2, 600, 1, 3, 500, 640, 0, -1, -1]
[601, 1, -1, 1, 600, 2, 2, 639, 639, -1, 2, 1]
[601, 1, -1, 2, 600, 1, 3, 639, 640, -1, 2, 0]
[601, 1, 1, 2, 600, 1, 2, 499, 840, 0, -1, -1]
[601, 1, 1, 2, 600, 1, 3, 640, 640, 0, -1, 0]
[601, 1, -1, 1, 600, 2, 1, 499, 400, -1, 2, -1]
[601, 1, 1, 1, 600, 2, 3, 840, 640, 0, -1, -1]
[601, 1, -1, 1, 600, 2, 3, 840, 400, -1, 2, -1]
[601, 1, 1, 1, 600, 2, 3, 739, 400, 0, -1, -1]
[601, 1, 1, 1, 600, 2, 3, 840, 639, 0, -1, -1]
[601, 1, -1, 2, 600, 1, 2, 500, 640, -1, 2, -1]
[601, 1, -1, 1, 600, 2, 3, 740, 739, -1, 2, -1]
[601, 1, -1, 1, 600, 2, 2, 500, 499, -1, 2, -1]
[601, 1, -1, 1, 600, 2, 2, 640, 400, -1, 2, -1]
[601, 1, -1, 2, 600, 1, 3, 400, 739, -1, 2, -1]
[601, 1, -1, 2, 600, 1, 2, 500, 639, -1, 2, -1]
[601, 1, -1, 2, 600, 1, 3, 499, 500, -1, 2, 0]
[601, 1, -1, 2, 600, 1, 2, 400, 840, -1, 2, -1]
[601, 1, 1, 2, 600, 1, 3, 500, 500, 0, -1, 0]
[601, 1, 1, 1, 600, 2, 1, 400, 400, 0, -1, 1]
[601, 1, -1, 1, 600, 2, 3, 739, 400, -1, 2, -1]
[601, 1, -1, 1, 600, 2, 2, 639, 499, -1, 2, -1]
[601, 1, 1, 1, 600, 2, 2, 640, 639, 0, -1, -1]
[601, 1, 1, 1, 600, 2, 3, 740, 739, 0, -1, -1]
[601, 1, 1, 2, 600, 1, 2, 400, 400, 0, -1, 0]
[601, 1, -1, 1, 600, 2, 1, 639, 400, -1, 2, -1]
[601, 1, -1, 1, 600, 2, 1, 640, 499, -1, 2, -1]
[601, 1, 1, 2, 600, 1, 3, 739, 840, 0, -1, -1]
[601, 1, -1, 1, 600, 2, 2, 639, 500, -1, 2, -1]
[601, 1, 1, 2, 600, 1, 3, 499, 840, 0, -1, -1]
[601, 1, 1, 2, 600, 1, 1, 400, 739, 0, -1, -1]
[601, 1, -1, 2, 600, 1, 3, 400, 740, -1, 2, -1]
[601, 1, 1, 1, 600, 2, 1, 739, 499, 0, -1, -1]
[601, 1, -1, 2, 600, 1, 3, 499, 499, -1, 2, 0]
[601, 1, 1, 2, 600, 1, 1, 400, 740, 0, -1, -1]
[601, 1, 1, 2, 600, 1, 2, 639, 640, 0, -1, 0]
[601, 1, 1, 2, 600, 1, 1, 499, 740, 0, -1, -1]
[601, 1, -1, 2, 600, 1, 3, 499, 840, -1, 2, -1]
[601, 1, 1, 1, 600, 2, 3, 400, 400, 0, -1, 1]
[601, 1, 1, 2, 600, 1, 3, 400, 500, 0, -1, -1]
[601, 1, 1, 2, 600, 1, 2, 500, 640, 0, -1, -1]
[601, 1, 1, 2, 600, 1, 2, 639, 639, 0, -1, 0]
[601, 1, -1, 2, 600, 1, 1, 499, 639, -1, 2, -1]
[601, 1, 1, 2, 600, 1, 1, 499, 739, 0, -1, -1]
[601, 1, 1, 2, 600, 1, 3, 640, 840, 0, -1, -1]
[601, 1, 1, 2, 600, 1, 2, 500, 639, 0, -1, -1]
[601, 1, -1, 2, 600, 1, 1, 499, 640, -1, 2, -1]
[601, 1, 1, 1, 600, 2, 3, 499, 400, 0, -1, -1]
[601, 1, -1, 2, 600, 1, 3, 400, 500, -1, 2, -1]
[601, 1, 1, 2, 600, 1, 3, 400, 499, 0, -1, 0]
[601, 1, -1, 2, 600, 1, 2, 500, 500, -1, 2, 0]
[601, 1, 1, 1, 600, 2, 3, 640, 500, 0, -1, -1]
[601, 1, 1, 1, 600, 2, 2, 499, 400, 0, -1, -1]
[601, 1, 1, 1, 600, 2, 2, 739, 400, 0, -1, -1]
[601, 1, 1, 1, 600, 2, 2, 500, 500, 0, -1, 1]
[601, 1, -1, 2, 600, 1, 3, 400, 499, -1, 2, 0]
[601, 1, 1, 1, 600, 2, 2, 640, 499, 0, -1, -1]
[601, 1, 1, 1, 600, 2, 2, 840, 400, 0, -1, -1]
[601, 1, 1, 2, 600, 1, 1, 400, 840, 0, -1, -1]
[601, 1, -1, 1, 600, 2, 2, 739, 499, -1, 2, -1]
[601, 1, -1, 1, 600, 2, 2, 400, 400, -1, 2, 1]
[601, 1, 1, 2, 600, 1, 2, 499, 740, 0, -1, -1]
[601, 1, 1, 1, 600, 2, 3, 640, 499, 0, -1, -1]
[601, 1, -1, 1, 600, 2, 1, 500, 499, -1, 2, -1]
[601, 1, 1, 1, 600, 2, 2, 640, 400, 0, -1, -1]
[601, 1, 1, 1, 600, 2, 1, 740, 400, 0, -1, -1]
[601, 1, 1, 1, 600, 2, 1, 500, 400, 0, -1, -1]
[601, 1, 1, 1, 600, 2, 2, 500, 499, 0, -1, -1]
[601, 1, 1, 2, 600, 1, 2, 400, 840, 0, -1, -1]
[601, 1, 1, 2, 600, 1, 2, 499, 739, 0, -1, -1]
[601, 1, 1, 2, 600, 1, 2, 400, 640, 0, -1, -1]
[601, 1, -1, 2, 600, 1, 3, 499, 639, -1, 2, -1]
[601, 1, 1, 1, 600, 2, 1, 640, 499, 0, -1, -1]
[601, 1, -1, 2, 600, 1, 2, 499, 840, -1, 2, -1]
[601, 1, 1, 1, 600, 2, 3, 640, 640, 0, -1, 1]
[601, 1, 1, 2, 600, 1, 2, 639, 840, 0, -1, -1]
[601, 1, 1, 2, 600, 1, 1, 499, 840, 0, -1, -1]
[601, 1, -1, 2, 600, 1, 3, 640, 740, -1, 2, -1]
[601, 1, -1, 1, 600, 2, 1, 840, 400, -1, 2, -1]
[601, 1, -1, 2, 600, 1, 3, 500, 739, -1, 2, -1]
[601, 1, 1, 1, 600, 2, 1, 499, 499, 0, -1, 1]
[601, 1, 1, 1, 600, 2, 3, 740, 500, 0, -1, -1]
[601, 1, 1, 1, 600, 2, 3, 640, 639, 0, -1, -1]
[601, 1, -1, 1, 600, 2, 1, 740, 499, -1, 2, -1]
[601, 1, -1, 2, 600, 1, 3, 500, 740, -1, 2, -1]
[601, 1, -1, 1, 600, 2, 3, 739, 639, -1, 2, -1]
[601, 1, 1, 1, 600, 2, 2, 400, 499, 0, -1, 1]
[601, 1, -1, 1, 600, 2, 2, 840, 639, -1, 2, -1]
[601, 1, -1, 1, 600, 2, 3, 639, 500, -1, 2, -1]
[601, 1, 1, 1, 600, 2, 2, 639, 499, 0, -1, -1]
[601, 1, -1, 1, 600, 2, 2, 739, 400, -1, 2, -1]
[601, 1, 1, 1, 600, 2, 1, 739, 400, 0, -1, -1]
[601, 1, -1, 1, 600, 2, 3, 739, 640, -1, 2, -1]
[601, 1, -1, 2, 600, 1, 3, 499, 640, -1, 2, -1]
[601, 1, 1, 1, 600, 2, 2, 739, 639, 0, -1, -1]
[601, 1, -1, 2, 600, 1, 3, 640, 739, -1, 2, 0]
[601, 1, 1, 1, 600, 2, 1, 639, 400, 0, -1, -1]
[601, 1, -1, 1, 600, 2, 3, 639, 640, -1, 2, 1]
[601, 1, -1, 2, 600, 1, 2, 500, 739, -1, 2, -1]
[601, 1, 1, 2, 600, 1, 3, 400, 640, 0, -1, -1]
[601, 1, -1, 1, 600, 2, 3, 640, 739, -1, 2, 1]
[601, 1, -1, 1, 600, 2, 2, 640, 639, -1, 2, -1]
[601, 1, -1, 2, 600, 1, 3, 739, 840, -1, 2, -1]
[601, 1, -1, 1, 600, 2, 3, 639, 639, -1, 2, 1]
[601, 1, -1, 2, 600, 1, 2, 400, 500, -1, 2, -1]
[601, 1, -1, 2, 600, 1, 2, 500, 740, -1, 2, -1]
[601, 1, 1, 1, 600, 2, 1, 499, 400, 0, -1, -1]
[601, 1, 1, 2, 600, 1, 3, 400, 639, 0, -1, -1]
[601, 1, 1, 1, 600, 2, 3, 840, 499, 0, -1, -1]
[601, 1, -1, 1, 600, 2, 3, 400, 499, -1, 2, 1]
[601, 1, 1, 1, 600, 2, 2, 399, 400, 0, -1, 1]
[601, 1, 1, 1, 600, 2, 2, 639, 500, 0, -1, -1]
[601, 1, -1, 2, 600, 1, 2, 400, 499, -1, 2, 0]
[601, 1, -1, 1, 600, 2, 1, 739, 400, -1, 2, -1]
[601, 1, 1, 1, 600, 2, 3, 840, 500, 0, -1, -1]
[601, 1, 1, 1, 600, 2, 3, 740, 499, 0, -1, -1]
[601, 1, -1, 1, 600, 2, 1, 399, 400, -1, 2, 1]
[601, 1, 1, 2, 600, 1, 2, 500, 500, 0, -1, 0]
[601, 1, -1, 2, 600, 1, 3, 639, 840, -1, 2, -1]
[601, 1, -1, 1, 600, 2, 3, 640, 400, -1, 2, -1]
[601, 1, 1, 2, 600, 1, 3, 640, 740, 0, -1, -1]
[601, 1, -1, 1, 600, 2, 3, 739, 739, -1, 2, 1]
[601, 1, 1, 1, 600, 2, 2, 739, 500, 0, -1, -1]
[601, 1, -1, 1, 600, 2, 2, 840, 499, -1, 2, -1]
[601, 1, -1, 1, 600, 2, 3, 739, 500, -1, 2, -1]
[601, 1, 1, 2, 600, 1, 2, 500, 840, 0, -1, -1]
[601, 1, -1, 1, 600, 2, 2, 840, 500, -1, 2, -1]
[601, 1, -1, 1, 600, 2, 2, 739, 639, -1, 2, -1]
[601, 1, -1, 1, 600, 2, 3, 739, 499, -1, 2, -1]
[601, 1, 1, 1, 600, 2, 2, 639, 639, 0, -1, 1]
[601, 1, 1, 2, 600, 1, 3, 499, 500, 0, -1, 0]
[601, 1, 1, 1, 600, 2, 2, 739, 499, 0, -1, -1]
[601, 1, -1, 1, 600, 2, 2, 639, 400, -1, 2, -1]
[601, 1, -1, 1, 600, 2, 3, 740, 400, -1, 2, -1]
[601, 1, -1, 2, 600, 1, 1, 400, 400, -1, 2, 0]
[601, 1, -1, 1, 600, 2, 2, 640, 499, -1, 2, -1]
[601, 1, 1, 1, 600, 2, 3, 500, 500, 0, -1, 1]
[601, 1, -1, 2, 600, 1, 2, 400, 640, -1, 2, -1]
[601, 1, -1, 2, 600, 1, 1, 400, 639, -1, 2, -1]
[601, 1, -1, 1, 600, 2, 3, 639, 499, -1, 2, -1]
[601, 1, 1, 1, 600, 2, 3, 639, 400, 0, -1, -1]
[601, 1, 1, 2, 600, 1, 3, 500, 740, 0, -1, -1]
[601, 1, 1, 2, 600, 1, 3, 499, 640, 0, -1, -1]
[601, 1, 1, 2, 600, 1, 3, 500, 739, 0, -1, -1]
[601, 1, -1, 2, 600, 1, 2, 639, 740, -1, 2, -1]
[601, 1, -1, 1, 600, 2, 2, 500, 500, -1, 2, 1]
[601, 1, -1, 2, 600, 1, 2, 400, 639, -1, 2, -1]
[601, 1, 1, 2, 600, 1, 3, 499, 639, 0, -1, -1]
[601, 1, -1, 1, 600, 2, 2, 640, 500, -1, 2, -1]
[601, 1, -1, 2, 600, 1, 2, 639, 739, -1, 2, -1]
[601, 1, -1, 1, 600, 2, 2, 499, 400, -1, 2, -1]
[601, 1, 1, 1, 600, 2, 3, 500, 400, 0, -1, -1]
[601, 1, 1, 1, 600, 2, 2, 840, 500, 0, -1, -1]
[601, 1, 1, 2, 600, 1, 3, 500, 840, 0, -1, -1]
[601, 1, 1, 1, 600, 2, 3, 740, 400, 0, -1, -1]
[601, 1, -1, 2, 600, 1, 3, 640, 640, -1, 2, 0]
[601, 1, -1, 2, 600, 1, 2, 639, 840, -1, 2, -1]
[601, 1, 1, 1, 600, 2, 3, 840, 739, 0, -1, -1]
[601, 1, 1, 1, 600, 2, 2, 840, 499, 0, -1, -1]
[601, 1, -1, 1, 600, 2, 1, 499, 499, -1, 2, 1]
[601, 1, 1, 2, 600, 1, 2, 639, 739, 0, -1, -1]
[601, 1, 1, 1, 600, 2, 3, 500, 499, 0, -1, -1]
[601, 1, 1, 1, 600, 2, 3, 640, 400, 0, -1, -1]
[601, 1, 1, 1, 600, 2, 1, 740, 499, 0, -1, -1]
[601, 1, 1, 2, 600, 1, 2, 639, 740, 0, -1, -1]
[601, 1, -1, 2, 600, 1, 1, 499, 740, -1, 2, -1]
[601, 1, 1, 2, 600, 1, 3, 639, 840, 0, -1, -1]
[601, 1, -1, 1, 600, 2, 3, 400, 400, -1, 2, 1]
[601, 1, -1, 1, 600, 2, 3, 840, 499, -1, 2, -1]
[601, 1, -1, 1, 600, 2, 3, 639, 400, -1, 2, -1]
[601, 1, -1, 2, 600, 1, 1, 400, 840, -1, 2, -1]
[601, 1, -1, 2, 600, 1, 1, 499, 840, -1, 2, -1]
[601, 1, -1, 1, 600, 2, 1, 400, 499, -1, 2, 1]
[601, 1, -1, 2, 600, 1, 1, 499, 739, -1, 2, -1]
[601, 1, -1, 1, 600, 2, 3, 840, 500, -1, 2, -1]
[601, 1, -1, 2, 600, 1, 1, 400, 640, -1, 2, -1]
[601, 1, 1, 2, 600, 1, 3, 739, 739, 0, -1, 0]
[601, 1, -1, 1, 600, 2, 3, 840, 639, -1, 2, -1]
[601, 1, 1, 1, 600, 2, 3, 639, 500, 0, -1, -1]
[601, 1, 1, 1, 600, 2, 3, 639, 499, 0, -1, -1]
[601, 1, -1, 2, 600, 1, 3, 639, 740, -1, 2, -1]
[601, 1, 1, 2, 600, 1, 1, 400, 639, 0, -1, -1]
[601, 1, 1, 1, 600, 2, 2, 639, 400, 0, -1, -1]
[601, 1, 1, 1, 600, 2, 2, 499, 499, 0, -1, 1]
[601, 1, 1, 2, 600, 1, 3, 499, 499, 0, -1, 0]
[601, 1, 1, 1, 600, 2, 2, 740, 400, 0, -1, -1]
[601, 1, 1, 2, 600, 1, 1, 400, 640, 0, -1, -1]
[601, 1, -1, 2, 600, 1, 2, 499, 639, -1, 2, -1]
[601, 1, -1, 2, 600, 1, 3, 639, 739, -1, 2, -1]
[601, 1, 1, 2, 600, 1, 3, 640, 739, 0, -1, 0]
[601, 1, -1, 2, 600, 1, 3, 400, 840, -1, 2, -1]
[601, 1, 1, 1, 600, 2, 2, 499, 500, 0, -1, 1]
[601, 1, 1, 2, 600, 1, 3, 739, 740, 0, -1, 0]
[601, 1, 1, 1, 600, 2, 3, 840, 400, 0, -1, -1]
[601, 1, -1, 1, 600, 2, 1, 639, 499, -1, 2, -1]
[601, 1, 1, 2, 600, 1, 1, 499, 640, 0, -1, -1]
[601, 1, -1, 2, 600, 1, 3, 500, 840, -1, 2, -1]
[601, 1, 1, 1, 600, 2, 1, 840, 499, 0, -1, -1]
[601, 1, 1, 1, 600, 2, 2, 500, 400, 0, -1, -1]
[601, 1, 1, 2, 600, 1, 3, 639, 640, 0, -1, 0]
[601, 1, 1, 1, 600, 2, 3, 400, 499, 0, -1, 1]
[601, 1, -1, 1, 600, 2, 3, 500, 400, -1, 2, -1]
[601, 1, -1, 2, 600, 1, 2, 400, 740, -1, 2, -1]
[601, 1, -1, 2, 600, 1, 2, 400, 400, -1, 2, 0]
[601, 1, 1, 1, 600, 2, 3, 739, 739, 0, -1, 1]
[601, 1, 1, 2, 600, 1, 3, 400, 400, 0, -1, 0]
[601, 1, -1, 1, 600, 2, 3, 840, 640, -1, 2, -1]
[601, 1, 1, 2, 600, 1, 2, 400, 500, 0, -1, -1]
[601, 1, 1, 2, 600, 1, 3, 639, 639, 0, -1, 0]
[601, 1, -1, 2, 600, 1, 2, 400, 739, -1, 2, -1]
[601, 1, 1, 1, 600, 2, 3, 399, 400, 0, -1, 1]
[601, 1, -1, 1, 600, 2, 3, 499, 499, -1, 2, 1]
[601, 1, 1, 1, 600, 2, 3, 740, 639, 0, -1, -1]
[601, 1, 1, 1, 600, 2, 3, 739, 500, 0, -1, -1]
[601, 1, -1, 2, 600, 1, 3, 400, 400, -1, 2, 0]
[601, 1, 1, 1, 600, 2, 3, 639, 639, 0, -1, 1]
[601, 1, -1, 1, 600, 2, 2, 399, 400, -1, 2, 1]
[601, 1, 1, 1, 600, 2, 3, 639, 640, 0, -1, 1]
[601, 1, 1, 1, 600, 2, 3, 740, 640, 0, -1, -1]
[601, 1, 1, 2, 600, 1, 1, 400, 500, 0, -1, -1]
[601, 1, -1, 2, 600, 1, 3, 500, 500, -1, 2, 0]
[601, 1, 1, 2, 600, 1, 2, 400, 739, 0, -1, -1]
[601, 1, 1, 2, 600, 1, 1, 400, 499, 0, -1, 0]
[601, 1, 1, 2, 600, 1, 1, 499, 639, 0, -1, -1]
[601, 1, 1, 1, 600, 2, 2, 840, 639, 0, -1, -1]
[601, 1, -1, 1, 600, 2, 1, 640, 400, -1, 2, -1]
[601, 1, -1, 1, 600, 2, 3, 499, 500, -1, 2, 1]
[601, 1, 1, 2, 600, 1, 2, 400, 740, 0, -1, -1]
