[601, 1, 1, 2, 600, 1, -1, 740, 740, 0, -1, 0]
[601, 1, -1, 2, 600, 1, 2, 640, 640, -1, 2, 0]
[601, 1, -1, 2, 600, 1, 0, 639, 639, -1, 2, 0]
[601, 1, -1, 2, 600, 1, -1, 740, 740, -1, 2, 0]
[601, 1, -1, 2, 600, 1, 0, 640, 740, -1, 2, 1]
[601, 1, 1, 2, 600, 1, 0, 499, 499, 0, -1, 0]
[601, 1, -1, 2, 600, 1, 0, 500, 500, -1, 2, 0]
[601, 1, 1, 2, 600, 1, 1, 639, 639, 0, -1, 0]
[601, 1, -1, 2, 600, 1, 0, 400, 400, -1, 2, 0]
[601, 1, -1, 2, 600, 1, 0, 400, 500, -1, 2, 1]
[601, 1, -1, 2, 600, 1, -1, 840, 840, -1, 2, 0]
[601, 1, -1, 2, 600, 1, 0, 739, 739, -1, 2, 0]
[601, 1, -1, 2, 600, 1, 1, 639, 739, -1, 2, 1]
[601, 1, 1, 2, 600, 1, 1, 739, 739, 0, -1, 0]
[601, 1, 1, 2, 600, 1, 0, 640, 640, 0, -1, 0]
[601, 1, -1, 2, 600, 1, 0, 640, 640, -1, 2, 0]
[601, 1, 1, 2, 600, 1, 1, 640, 740, 0, -1, 1]
[601, 1, -1, 2, 600, 1, 1, 500, 500, -1, 2, 0]
[601, 1, 1, 2, 600, 1, 0, 400, 500, 0, -1, 1]
[601, 1, 1, 2, 600, 1, 0, 400, 400, 0, -1, 0]
[601, 1, -1, 2, 600, 1, 1, 739, 739, -1, 2, 0]
[601, 1, 1, 2, 600, 1, 0, 640, 740, 0, -1, 1]
[601, 1, -1, 2, 600, 1, 2, 640, 740, -1, 2, 1]
[601, 1, 1, 2, 600, 1, 2, 640, 740, 0, -1, 1]
[601, 1, 1, 2, 600, 1, 2, 640, 640, 0, -1, 0]
[601, 1, 1, 2, 600, 1, 0, 639, 639, 0, -1, 0]
[601, 1, 1, 2, 600, 1, 1, 639, 739, 0, -1, 1]
[601, 1, -1, 2, 600, 1, 1, 640, 640, -1, 2, 0]
[601, 1, -1, 2, 600, 1, 0, 639, 739, -1, 2, 1]
[601, 1, 1, 2, 600, 1, 1, 500, 500, 0, -1, 0]
[601, 1, -1, 2, 600, 1, 0, 499, 499, -1, 2, 0]
[601, 1, -1, 2, 600, 1, 2, 739, 739, -1, 2, 0]
[601, 1, -1, 2, 600, 1, -1, 740, 840, -1, 2, 1]
[601, 1, 1, 2, 600, 1, -1, 840, 840, 0, -1, 0]
[601, 1, -1, 2, 600, 1, 1, 640, 740, -1, 2, 1]
[601, 1, 1, 2, 600, 1, -1, 740, 840, 0, -1, 1]
[601, 1, 1, 2, 600, 1, 1, 640, 640, 0, -1, 0]
[601, 1, 1, 2, 600, 1, 0, 739, 739, 0, -1, 0]
[601, 1, -1, 2, 600, 1, 1, 639, 639, -1, 2, 0]
[601, 1, 1, 2, 600, 1, 0, 639, 739, 0, -1, 1]
[601, 1, 1, 2, 600, 1, 2, 739, 739, 0, -1, 0]
[601, 1, 1, 2, 600, 1, 0, 500, 500, 0, -1, 0]
