[601, 1, 1, 2, 600, 1, -1, 740, 740, 0, -1, 1]
[601, 1, -1, 2, 600, 1, 2, 640, 640, -1, 2, 1]
[601, 1, -1, 2, 600, 1, 0, 639, 639, -1, 2, 1]
[601, 1, -1, 2, 600, 1, -1, 740, 740, -1, 2, 1]
[601, 1, 1, 2, 600, 1, 0, 499, 500, 0, -1, 1]
[601, 1, 1, 1, 600, 2, 3, 640, 640, 0, -1, 1]
[601, 1, 1, 1, 600, 2, 1, 499, 499, 0, -1, 1]
[601, 1, 1, 2, 600, 1, 0, 499, 499, 0, -1, 1]
[601, 1, -1, 2, 600, 1, 0, 500, 500, -1, 2, 1]
[601, 1, -1, 1, 600, 2, 1, 499, 499, -1, 2, 1]
[601, 1, -1, 2, 600, 1, 0, 640, 739, -1, 2, 1]
[601, 1, 1, 2, 600, 1, 1, 639, 639, 0, -1, 1]
[601, 1, 1, 1, 600, 2, 2, 400, 499, 0, -1, 1]
[601, 1, -1, 2, 600, 1, 0, 400, 400, -1, 2, 1]
[601, 1, -1, 1, 600, 2, 3, 400, 400, -1, 2, 1]
[601, 1, -1, 1, 600, 2, 3, 640, 640, -1, 2, 1]
[601, 1, 1, 2, 600, 1, 1, 639, 640, 0, -1, 1]
[601, 1, -1, 2, 600, 1, -1, 840, 840, -1, 2, 1]
[601, 1, -1, 1, 600, 2, 1, 400, 499, -1, 2, 1]
[601, 1, -1, 2, 600, 1, 0, 639, 640, -1, 2, 1]
[601, 1, -1, 2, 600, 1, 0, 739, 739, -1, 2, 1]
[601, 1, -1, 2, 600, 1, 0, 400, 499, -1, 2, 1]
[601, 1, 1, 1, 600, 2, 2, 400, 400, 0, -1, 1]
[601, 1, -1, 1, 600, 2, 3, 639, 640, -1, 2, 1]
[601, 1, 1, 2, 600, 1, 1, 739, 739, 0, -1, 1]
[601, 1, -1, 1, 600, 2, 1, 400, 400, -1, 2, 1]
[601, 1, 1, 2, 600, 1, 1, 640, 739, 0, -1, 1]
[601, 1, -1, 1, 600, 2, 3, 640, 739, -1, 2, 1]
[601, 1, -1, 2, 600, 1, 0, 739, 740, -1, 2, 1]
[601, 1, -1, 1, 600, 2, 3, 639, 639, -1, 2, 1]
[601, 1, 1, 2, 600, 1, 0, 640, 640, 0, -1, 1]
[601, 1, 1, 1, 600, 2, 1, 400, 400, 0, -1, 1]
[601, 1, -1, 2, 600, 1, 0, 640, 640, -1, 2, 1]
[601, 1, -1, 1, 600, 2, -1, 399, 399, -1, 2, 1]
[601, 1, -1, 1, 600, 2, 3, 400, 499, -1, 2, 1]
[601, 1, 1, 1, 600, 2, 2, 399, 400, 0, -1, 1]
[601, 1, 1, 1, 600, 2, 2, 499, 499, 0, -1, 1]
[601, 1, 1, 2, 600, 1, 1, 739, 740, 0, -1, 1]
[601, 1, -1, 2, 600, 1, 1, 500, 500, -1, 2, 1]
[601, 1, 1, 1, 600, 2, 1, 400, 499, 0, -1, 1]
[601, 1, -1, 1, 600, 2, 3, 500, 500, -1, 2, 1]
[601, 1, -1, 1, 600, 2, 1, 399, 400, -1, 2, 1]
[601, 1, 1, 1, 600, 2, 2, 499, 500, 0, -1, 1]
[601, 1, -1, 1, 600, 2, -1, 0, 0, -1, 2, 1]
[601, 1, 1, 2, 600, 1, 0, 400, 499, 0, -1, 1]
[601, 1, 1, 2, 600, 1, 0, 400, 400, 0, -1, 1]
[601, 1, -1, 2, 600, 1, 1, 639, 640, -1, 2, 1]
[601, 1, 1, 1, 600, 2, -1, 399, 399, 0, -1, 1]
[601, 1, -1, 2, 600, 1, 1, 739, 739, -1, 2, 1]
[601, 1, 1, 2, 600, 1, 2, 640, 739, 0, -1, 1]
[601, 1, -1, 1, 600, 2, 3, 739, 739, -1, 2, 1]
[601, 1, 1, 1, 600, 2, 3, 400, 400, 0, -1, 1]
[601, 1, 1, 1, 600, 2, 1, 399, 400, 0, -1, 1]
[601, 1, -1, 1, 600, 2, 2, 499, 500, -1, 2, 1]
[601, 1, -1, 2, 600, 1, 1, 739, 740, -1, 2, 1]
[601, 1, 1, 2, 600, 1, 0, 640, 739, 0, -1, 1]
[601, 1, -1, 2, 600, 1, 2, 640, 739, -1, 2, 1]
[601, 1, 1, 2, 600, 1, 2, 640, 640, 0, -1, 1]
[601, 1, 1, 2, 600, 1, 0, 639, 639, 0, -1, 1]
[601, 1, 1, 1, 600, 2, 2, 639, 639, 0, -1, 1]
[601, 1, 1, 1, 600, 2, 3, 499, 500, 0, -1, 1]
[601, 1, 1, 1, 600, 2, 3, 400, 499, 0, -1, 1]
[601, 1, -1, 2, 600, 1, 1, 640, 640, -1, 2, 1]
[601, 1, -1, 2, 600, 1, 0, 499, 500, -1, 2, 1]
[601, 1, 1, 2, 600, 1, 1, 500, 500, 0, -1, 1]
[601, 1, 1, 1, 600, 2, 3, 739, 739, 0, -1, 1]
[601, 1, -1, 2, 600, 1, 0, 499, 499, -1, 2, 1]
[601, 1, 1, 1, 600, 2, 3, 399, 400, 0, -1, 1]
[601, 1, 1, 1, 600, 2, 3, 640, 739, 0, -1, 1]
[601, 1, -1, 1, 600, 2, 3, 499, 499, -1, 2, 1]
[601, 1, -1, 2, 600, 1, 2, 739, 739, -1, 2, 1]
[601, 1, 1, 2, 600, 1, -1, 840, 840, 0, -1, 1]
[601, 1, 1, 1, 600, 2, 2, 500, 500, 0, -1, 1]
[601, 1, 1, 1, 600, 2, 3, 500, 500, 0, -1, 1]
[601, 1, 1, 1, 600, 2, 3, 639, 639, 0, -1, 1]
[601, 1, -1, 1, 600, 2, 2, 400, 499, -1, 2, 1]
[601, 1, -1, 1, 600, 2, 2, 399, 400, -1, 2, 1]
[601, 1, -1, 2, 600, 1, 2, 739, 740, -1, 2, 1]
[601, 1, -1, 1, 600, 2, 3, 399, 400, -1, 2, 1]
[601, 1, 1, 1, 600, 2, 3, 499, 499, 0, -1, 1]
[601, 1, 1, 1, 600, 2, 3, 639, 640, 0, -1, 1]
[601, 1, 1, 1, 600, 2, -1, 0, 0, 0, -1, 1]
[601, 1, -1, 2, 600, 1, 1, 640, 739, -1, 2, 1]
[601, 1, 1, 2, 600, 1, 0, 739, 740, 0, -1, 1]
[601, 1, -1, 1, 600, 2, 2, 499, 499, -1, 2, 1]
[601, 1, 1, 2, 600, 1, 0, 639, 640, 0, -1, 1]
[601, 1, -1, 1, 600, 2, 2, 400, 400, -1, 2, 1]
[601, 1, 1, 2, 600, 1, 2, 739, 740, 0, -1, 1]
[601, 1, 1, 2, 600, 1, 1, 640, 640, 0, -1, 1]
[601, 1, 1, 2, 600, 1, 0, 739, 739, 0, -1, 1]
[601, 1, -1, 1, 600, 2, 2, 639, 639, -1, 2, 1]
[601, 1, -1, 2, 600, 1, 1, 639, 639, -1, 2, 1]
[601, 1, -1, 1, 600, 2, 2, 500, 500, -1, 2, 1]
[601, 1, 1, 2, 600, 1, 2, 739, 739, 0, -1, 1]
[601, 1, 1, 2, 600, 1, 0, 500, 500, 0, -1, 1]
[601, 1, -1, 1, 600, 2, 3, 499, 500, -1, 2, 1]
