[601, 1, -1, 1, 600, 2, 0, 840, 400, -1, 2, -1]
[601, 1, 1, 1, 600, 2, 0, 640, 400, 0, -1, -1]
[601, 1, -1, 2, 600, 1, 0, 400, 840, -1, 2, -1]
[601, 1, -1, 2, 600, 1, 0, 400, 739, -1, 2, -1]
[601, 1, 1, 2, 600, 1, 0, 400, 640, 0, -1, -1]
[601, 1, -1, 1, 600, 2, 0, 739, 400, -1, 2, -1]
[601, 1, 1, 2, 600, 1, 0, 400, 740, 0, -1, -1]
[601, 1, -1, 1, 600, 2, 0, 639, 400, -1, 2, -1]
[601, 1, -1, 2, 600, 1, 0, 400, 640, -1, 2, -1]
[601, 1, -1, 2, 600, 1, 0, 400, 740, -1, 2, -1]
[601, 1, 1, 1, 600, 2, 0, 840, 400, 0, -1, -1]
[601, 1, 1, 1, 600, 2, 0, 739, 400, 0, -1, -1]
[601, 1, 1, 2, 600, 1, 0, 400, 739, 0, -1, -1]
[601, 1, -1, 1, 600, 2, 0, 499, 400, -1, 2, -1]
[601, 1, 1, 1, 600, 2, 0, 639, 400, 0, -1, -1]
[601, 1, -1, 2, 600, 1, 0, 400, 400, -1, 2, 0]
[601, 1, -1, 2, 600, 1, 0, 400, 500, -1, 2, -1]
[601, 1, -1, 1, 600, 2, 0, 399, 400, -1, 2, 1]
[601, 1, -1, 2, 600, 1, 0, 400, 499, -1, 2, 0]
[601, 1, 1, 2, 600, 1, 0, 400, 840, 0, -1, -1]
[601, 1, -1, 2, 600, 1, 0, 400, 639, -1, 2, -1]
[601, 1, 1, 1, 600, 2, 0, 399, 400, 0, -1, 1]
[601, 1, 1, 1, 600, 2, 0, 740, 400, 0, -1, -1]
[601, 1, 1, 1, 600, 2, 0, 400, 400, 0, -1, 1]
[601, 1, -1, 1, 600, 2, 0, 400, 400, -1, 2, 1]
[601, 1, -1, 1, 600, 2, 0, 740, 400, -1, 2, -1]
[601, 1, -1, 1, 600, 2, 0, 640, 400, -1, 2, -1]
[601, 1, 1, 1, 600, 2, 0, 500, 400, 0, -1, -1]
[601, 1, 1, 1, 600, 2, 0, 499, 400, 0, -1, -1]
[601, 1, 1, 2, 600, 1, 0, 400, 500, 0, -1, -1]
[601, 1, -1, 1, 600, 2, 0, 500, 400, -1, 2, -1]
[601, 1, 1, 2, 600, 1, 0, 400, 639, 0, -1, -1]
[601, 1, 1, 2, 600, 1, 0, 400, 499, 0, -1, 0]
[601, 1, 1, 2, 600, 1, 0, 400, 400, 0, -1, 0]
