[601, 1, 1, 1, 600, 2, 3, 640, 739, 0, -1, 1]
[601, 1, 1, 2, 600, 1, 3, 739, 739, 0, -1, 0]
[601, 1, -1, 1, 600, 2, 3, 840, 739, -1, 2, -1]
[601, 1, -1, 1, 600, 2, 3, 640, 739, -1, 2, 1]
[601, 1, -1, 1, 600, 2, 3, 739, 739, -1, 2, 1]
[601, 1, -1, 2, 600, 1, 3, 739, 840, -1, 2, -1]
[601, 1, 1, 1, 600, 2, 3, 840, 739, 0, -1, -1]
[601, 1, 1, 1, 600, 2, 3, 740, 739, 0, -1, -1]
[601, 1, 1, 2, 600, 1, 3, 739, 840, 0, -1, -1]
[601, 1, -1, 2, 600, 1, 3, 739, 740, -1, 2, 0]
[601, 1, 1, 2, 600, 1, 3, 739, 740, 0, -1, 0]
[601, 1, 1, 1, 600, 2, 3, 739, 739, 0, -1, 1]
[601, 1, -1, 1, 600, 2, 3, 740, 739, -1, 2, -1]
[601, 1, -1, 2, 600, 1, 3, 739, 739, -1, 2, 0]
