[601, 1, -1, 1, 600, 2, 3, 399, 499, -1, 2, 1]
[601, 1, 1, 2, 600, 1, 0, 400, 640, 0, -1, 1]
[601, 1, -1, 2, 600, 1, 0, 640, 740, -1, 2, 1]
[601, 1, -1, 2, 600, 1, 2, 640, 840, -1, 2, 1]
[601, 1, -1, 1, 600, 2, 3, 500, 739, -1, 2, 1]
[601, 1, 1, 1, 600, 2, 2, 399, 499, 0, -1, 1]
[601, 1, -1, 1, 600, 2, 2, 399, 499, -1, 2, 1]
[601, 1, -1, 1, 600, 2, 2, 499, 639, -1, 2, 1]
[601, 1, -1, 2, 600, 1, 0, 499, 639, -1, 2, 1]
[601, 1, -1, 2, 600, 1, 1, 640, 840, -1, 2, 1]
[601, 1, 1, 2, 600, 1, 0, 499, 740, 0, -1, 1]
[601, 1, -1, 2, 600, 1, 1, 639, 740, -1, 2, 1]
[601, 1, -1, 2, 600, 1, 0, 400, 500, -1, 2, 1]
[601, 1, -1, 1, 600, 2, 2, 399, 500, -1, 2, 1]
[601, 1, -1, 2, 600, 1, 0, 500, 739, -1, 2, 1]
[601, 1, 1, 1, 600, 2, 3, 400, 639, 0, -1, 1]
[601, 1, 1, 2, 600, 1, 2, 739, 840, 0, -1, 1]
[601, 1, -1, 2, 600, 1, 0, 499, 640, -1, 2, 1]
[601, 1, 1, 2, 600, 1, 0, 499, 739, 0, -1, 1]
[601, 1, 1, 2, 600, 1, 1, 500, 640, 0, -1, 1]
[601, 1, -1, 2, 600, 1, 1, 639, 739, -1, 2, 1]
[601, 1, 1, 1, 600, 2, 3, 400, 640, 0, -1, 1]
[601, 1, -1, 2, 600, 1, 0, 499, 740, -1, 2, 1]
[601, 1, 1, 1, 600, 2, 2, 500, 639, 0, -1, 1]
[601, 1, 1, 2, 600, 1, 1, 739, 840, 0, -1, 1]
[601, 1, 1, 1, 600, 2, 3, 499, 640, 0, -1, 1]
[601, 1, 1, 1, 600, 2, 3, 399, 499, 0, -1, 1]
[601, 1, 1, 1, 600, 2, 1, 399, 499, 0, -1, 1]
[601, 1, -1, 2, 600, 1, 0, 499, 739, -1, 2, 1]
[601, 1, 1, 1, 600, 2, 3, 500, 739, 0, -1, 1]
[601, 1, 1, 1, 600, 2, 2, 400, 639, 0, -1, 1]
[601, 1, 1, 1, 600, 2, 3, 499, 639, 0, -1, 1]
[601, 1, 1, 1, 600, 2, 2, 400, 500, 0, -1, 1]
[601, 1, 1, 2, 600, 1, 1, 640, 740, 0, -1, 1]
[601, 1, -1, 1, 600, 2, 1, 399, 499, -1, 2, 1]
[601, 1, 1, 2, 600, 1, 0, 500, 639, 0, -1, 1]
[601, 1, 1, 2, 600, 1, 0, 500, 640, 0, -1, 1]
[601, 1, -1, 2, 600, 1, 0, 500, 740, -1, 2, 1]
[601, 1, 1, 1, 600, 2, 3, 399, 500, 0, -1, 1]
[601, 1, 1, 2, 600, 1, 0, 639, 840, 0, -1, 1]
[601, 1, 1, 2, 600, 1, 2, 640, 840, 0, -1, 1]
[601, 1, 1, 2, 600, 1, 0, 400, 500, 0, -1, 1]
[601, 1, -1, 1, 600, 2, 3, 499, 639, -1, 2, 1]
[601, 1, -1, 1, 600, 2, 2, 400, 639, -1, 2, 1]
[601, 1, -1, 2, 600, 1, 0, 739, 840, -1, 2, 1]
[601, 1, -1, 1, 600, 2, 3, 499, 739, -1, 2, 1]
[601, 1, -1, 1, 600, 2, 3, 499, 640, -1, 2, 1]
[601, 1, 1, 2, 600, 1, 0, 400, 639, 0, -1, 1]
[601, 1, -1, 1, 600, 2, 3, 399, 500, -1, 2, 1]
[601, 1, 1, 1, 600, 2, 2, 399, 639, 0, -1, 1]
[601, 1, 1, 2, 600, 1, 0, 640, 740, 0, -1, 1]
[601, 1, -1, 2, 600, 1, 0, 400, 640, -1, 2, 1]
[601, 1, 1, 2, 600, 1, 1, 639, 740, 0, -1, 1]
[601, 1, -1, 2, 600, 1, 2, 640, 740, -1, 2, 1]
[601, 1, -1, 2, 600, 1, 1, 500, 739, -1, 2, 1]
[601, 1, 1, 2, 600, 1, 0, 499, 639, 0, -1, 1]
[601, 1, 1, 2, 600, 1, 0, 500, 739, 0, -1, 1]
[601, 1, 1, 2, 600, 1, 2, 640, 740, 0, -1, 1]
[601, 1, 1, 2, 600, 1, 1, 639, 840, 0, -1, 1]
[601, 1, 1, 1, 600, 2, 3, 400, 500, 0, -1, 1]
[601, 1, 1, 2, 600, 1, 0, 500, 740, 0, -1, 1]
[601, 1, -1, 2, 600, 1, 1, 500, 740, -1, 2, 1]
[601, 1, -1, 2, 600, 1, 1, 639, 840, -1, 2, 1]
[601, 1, 1, 2, 600, 1, 1, 639, 739, 0, -1, 1]
[601, 1, 1, 2, 600, 1, 0, 499, 640, 0, -1, 1]
[601, 1, 1, 1, 600, 2, 3, 639, 739, 0, -1, 1]
[601, 1, 1, 2, 600, 1, 0, 739, 840, 0, -1, 1]
[601, 1, -1, 2, 600, 1, 0, 639, 840, -1, 2, 1]
[601, 1, -1, 2, 600, 1, 1, 739, 840, -1, 2, 1]
[601, 1, 1, 1, 600, 2, 3, 500, 639, 0, -1, 1]
[601, 1, -1, 2, 600, 1, 0, 639, 739, -1, 2, 1]
[601, 1, -1, 1, 600, 2, 3, 400, 500, -1, 2, 1]
[601, 1, -1, 1, 600, 2, 2, 399, 639, -1, 2, 1]
[601, 1, -1, 2, 600, 1, 0, 639, 740, -1, 2, 1]
[601, 1, 1, 1, 600, 2, 3, 500, 640, 0, -1, 1]
[601, 1, -1, 2, 600, 1, 0, 400, 639, -1, 2, 1]
[601, 1, 1, 2, 600, 1, 1, 500, 639, 0, -1, 1]
[601, 1, 1, 1, 600, 2, 3, 399, 640, 0, -1, 1]
[601, 1, -1, 2, 600, 1, 0, 640, 840, -1, 2, 1]
[601, 1, -1, 1, 600, 2, 2, 500, 639, -1, 2, 1]
[601, 1, -1, 2, 600, 1, 1, 500, 640, -1, 2, 1]
[601, 1, -1, 2, 600, 1, -1, 740, 840, -1, 2, 1]
[601, 1, -1, 1, 600, 2, 3, 400, 640, -1, 2, 1]
[601, 1, -1, 2, 600, 1, 1, 640, 740, -1, 2, 1]
[601, 1, -1, 1, 600, 2, 3, 500, 640, -1, 2, 1]
[601, 1, 1, 1, 600, 2, 3, 399, 639, 0, -1, 1]
[601, 1, 1, 2, 600, 1, -1, 740, 840, 0, -1, 1]
[601, 1, 1, 1, 600, 2, 3, 499, 739, 0, -1, 1]
[601, 1, -1, 1, 600, 2, 3, 400, 639, -1, 2, 1]
[601, 1, -1, 1, 600, 2, 3, 500, 639, -1, 2, 1]
[601, 1, 1, 2, 600, 1, 0, 640, 840, 0, -1, 1]
[601, 1, -1, 1, 600, 2, 3, 399, 639, -1, 2, 1]
[601, 1, -1, 2, 600, 1, 0, 500, 640, -1, 2, 1]
[601, 1, 1, 2, 600, 1, 0, 639, 740, 0, -1, 1]
[601, 1, 1, 2, 600, 1, 1, 500, 740, 0, -1, 1]
[601, 1, -1, 2, 600, 1, 2, 739, 840, -1, 2, 1]
[601, 1, 1, 1, 600, 2, 2, 399, 500, 0, -1, 1]
[601, 1, -1, 2, 600, 1, 1, 500, 639, -1, 2, 1]
[601, 1, 1, 2, 600, 1, 0, 639, 739, 0, -1, 1]
[601, 1, -1, 1, 600, 2, 3, 399, 640, -1, 2, 1]
[601, 1, 1, 2, 600, 1, 1, 640, 840, 0, -1, 1]
[601, 1, 1, 1, 600, 2, 2, 499, 639, 0, -1, 1]
[601, 1, -1, 1, 600, 2, 3, 639, 739, -1, 2, 1]
[601, 1, -1, 1, 600, 2, 2, 400, 500, -1, 2, 1]
[601, 1, -1, 2, 600, 1, 0, 500, 639, -1, 2, 1]
[601, 1, 1, 2, 600, 1, 1, 500, 739, 0, -1, 1]
