t=2

0.34306578529843235
0.47110708714938754
0.8527210310347997
0.676137766068438
0.9987892292599055
0.9964495082951176
0.2129820355093348
0.10206786217465513
0.2715283528888769
0.9994169678940827
0.9998295667369311
0.980702344089534
0.980702344089534
0.9987892292599055
0.26839213451858124
0.2129820355093348
0.13811269144523108
0.072835562323051
0.24460397879622287
0.27871358339263863
0.27871358339263863
0.27871358339263885
0.27871358339263885
0.2995963813384581
0.980702344089534
0.9987892292599055
0.6847451969420522
0.47974590521771243
0.47974590521771243
0.9994169678940827
0.9987544322404305
0.8770969720437438
0.9492847407587025
0.6847451969420522
0.6761377660684381
0.9417815070279586
0.7038104581142641
0.2995963813384581
0.6761377660684381
0.676137766068438


t=3

0.9745044338843739
0.9972804973735347
0.9999999909303788
0.9999395187659962
1.0
1.0
0.8747119250039099
0.6164027646926271
0.9396813214760946
1.0
1.0
0.9999999999999865
0.9999999999999865
1.0
0.9335355842823093
0.8747119250039099
0.729841763323753
0.4907409468357673
0.9195807707841996
0.9478059186843227
0.9478059186843227
0.9478059186843227
0.9478059186843227
0.9550643281540254
0.9999999999999865
1.0
0.999926063257178
0.9972757778756125
0.9972757778756125
1.0
1.0
0.9999999841658972
0.9999999999621437
0.999926063257178
0.9999395187659962
0.9999999999819611
0.9999722494079031
0.9550643281540254
0.9999395187659962
0.9999395187659962



t=4

0.999999997469136
0.9999999999999988
1.0
1.0
1.0
1.0
0.9999849335385864
0.9949950174037754
0.9999998317663107
1.0
1.0
1.0
1.0
1.0
0.9999994943311169
0.9999849335385864
0.9992051314695084
0.9763168024670983
0.9999993223004603
0.9999999464079136
0.9999999464079136
0.9999999464079136
0.9999999464079136
0.9999999433311587
1.0
1.0
1.0
0.9999999999999971
0.9999999999999971
1.0
1.0
1.0
1.0
1.0
1.0
1.0
1.0
0.9999999433311587
1.0
1.0
